%YAML:1.0
---
cameraMatrixL: !!opencv-matrix
   rows: 3
   cols: 3
   dt: d
   data: [ 2.4243347540979344e+03, 0., 1.3026400525315994e+03, 0.,
       2.4229739655066414e+03, 1.0245467079241109e+03, 0., 0., 1. ]
cameraDistcoeffL: !!opencv-matrix
   rows: 5
   cols: 1
   dt: d
   data: [ -8.3848186758412421e-02, 9.2402960547747257e-02,
       -4.4047043897195020e-04, 1.6743187004047495e-03,
       2.1044810641600512e-01 ]
cameraMatrixR: !!opencv-matrix
   rows: 3
   cols: 3
   dt: d
   data: [ 2.4189001256778274e+03, 0., 1.2608521692266497e+03, 0.,
       2.4214983883226087e+03, 1.0822825228167956e+03, 0., 0., 1. ]
cameraDistcoeffR: !!opencv-matrix
   rows: 5
   cols: 1
   dt: d
   data: [ -8.4303716697977024e-02, 2.8973273951716425e-02,
       1.9932462389252196e-03, 1.2874172866275361e-03,
       4.9395282570557975e-01 ]
R: !!opencv-matrix
   rows: 3
   cols: 3
   dt: d
   data: [ 9.8218810809800061e-01, -1.5002400395312206e-02,
       -1.8730042256559154e-01, 2.0273683334863825e-02,
       9.9944955491757392e-01, 2.6259568524654251e-02,
       1.8680336740783898e-01, -2.9589105384280941e-02,
       9.8195162139875802e-01 ]
T: !!opencv-matrix
   rows: 3
   cols: 1
   dt: d
   data: [ 5.1685454605571181e+02, 7.7333050624366670e+00,
       9.9285045454295187e+01 ]
Rl: !!opencv-matrix
   rows: 3
   cols: 3
   dt: d
   data: [ 9.9998273167832707e-01, -5.6287718555514737e-03,
       1.6891632688913610e-03, 5.6049511876684506e-03,
       9.9988920212554067e-01, 1.3790141222391477e-02,
       -1.7665976719882515e-03, -1.3780435412126800e-02,
       9.9990348470865797e-01 ]
Rr: !!opencv-matrix
   rows: 3
   cols: 3
   dt: d
   data: [ 9.8193921145287189e-01, 1.4692016415223720e-02,
       1.8862536856151343e-01, -1.2078521036431953e-02,
       9.9981457419513997e-01, -1.4997551685638910e-02,
       -1.8881073682628446e-01, 1.2448368593744987e-02,
       9.8193459241360348e-01 ]
Pl: !!opencv-matrix
   rows: 3
   cols: 4
   dt: d
   data: [ 2.3328340059123725e+03, 0., 9.9457552337646484e+02, 0., 0.,
       2.3328340059123725e+03, 1.0546562423706055e+03, 0., 0., 0., 1.,
       0. ]
Pr: !!opencv-matrix
   rows: 3
   cols: 4
   dt: d
   data: [ 2.3328340059123725e+03, 0., 9.9457552337646484e+02,
       1.2279129370596851e+06, 0., 2.3328340059123725e+03,
       1.0546562423706055e+03, 0., 0., 0., 1., 0. ]
Q: !!opencv-matrix
   rows: 4
   cols: 4
   dt: d
   data: [ 1., 0., 0., -9.9457552337646484e+02, 0., 1., 0.,
       -1.0546562423706055e+03, 0., 0., 0., 2.3328340059123725e+03, 0.,
       0., -1.8998366541348529e-03, 0. ]
